europe
(285, 110)(345, 110)
(285, 160)(345, 160)
;
(310, 60)(355, 60)
(310, 120)(355, 120)

north america
(20, 60)(200, 60)
(20, 110)(200, 110)
;
(90, 0)(250, 0)
(90, 105)(250, 105)
;
(90, 100)(200, 100)
(90, 205)(200, 205)


south america
(170, 210)(230, 210)
(170, 270)(230, 270)
;
(175, 270)(210, 270)
(175, 340)(210, 340)


asia
(360, 40)(600, 40)
(360, 110)(600, 110)
;
(360, 110)(545, 110)
(360, 175(545, 175)
;
(375, 175)(505, 175)
(375, 200)(505, 200)
;
(450, 200)(510, 200)
(450, 240)(510, 240)


africa
(270, 175)(350, 175)
(270, 220)(350, 220)
;
(310, 210)(385, 210)
(310, 290)(385, 290)


oceania
(485, 250)(600, 250)
(485, 330)(600, 330)