North America
(20, 60)(230, 60)
(20, 105)(230, 105)
;
(90, 0)(270, 0)
(90, 70)(270, 70)
;
(90, 100)(200, 100)
(90, 180)(200, 180)


Meso America
(115, 180)(200, 180)
(115, 210)(200, 210)


South America
(165, 210)(205, 210)
(165, 340)(205, 340)
;
(205, 220)(235, 220)
(205, 285)(235, 285)


Europe
(320, 60)(355, 60)
(320, 105)(355, 105)
;
(285, 105)(340, 105)
(185, 165)(340, 165)


Middle East
(340, 130)(410, 130)
(340, 205)(410, 205)


North Asia
(355, 55)(600, 55)
(355, 130)(600, 130)


East Asia
(410, 130)(535, 130)
(410, 190)(535, 190)


South Asia
(410, 190)(525, 190)
(410, 240)(525, 240)


North Africa
(275, 170)(340, 170)
(275, 200)(340, 200)


Sub-Saharan Africa
(320, 200)(340, 200)
(320, 290)(340, 290)
;
(340, 205)(380, 205)
(340, 275)(380, 275)


West Africa
(270, 200)(320, 200)
(270, 220)(320, 220)


Oceania
(525, 230)(600, 230)
(525, 320)(600, 320)
;
(490, 250)(530, 250)
(490, 290)(530, 290)